1 1220
2 966
3 985
4 1164
5 1249
6 1488
7 1827
8 2065
9 1928
10 1677
11 1853
12 2609
13 1659
14 1885
15 2167
16 1278
17 985
18 1081
19 1530
20 1236
21 958
22 1317
23 680
24 1396
25 944
26 956
27 954
28 539
29 843
30 680
31 623
32 557
33 495
34 1005
35 722
36 382
37 744
38 647
39 966
40 695
41 729
42 646
43 479
44 660
45 587
46 634
47 562
48 915
49 629
50 641
51 678
52 881
53 802
54 688
55 900
56 989
57 565
58 752
59 587
60 627
61 659
62 656
63 653
64 741
65 851
66 732
67 907
68 448
69 743
70 904
71 641
72 685
73 1056
74 936
75 755
76 672
77 614
78 750
79 1033
80 959
81 1052
82 832
83 740
84 811
85 634
86 877
87 588
88 953
89 606
90 1153
91 874
92 1098
93 867
94 1076
95 817
96 1196
97 1380
98 1000
99 1525
100 1011
101 1324
102 1372
103 1994
104 2253
105 2175
106 1532
107 1920
108 1703
109 1895
110 1818
111 1309
112 1463
113 1454
114 1686
115 1247
116 1121
117 863
118 819
119 738
120 932
121 668
122 634
123 596
124 688
125 798
126 565
127 691
128 645
129 771
130 624
131 481
132 556
133 692
134 581
135 651
136 511
137 619
138 757
139 1021
140 603
141 903
142 533
143 678
144 741
145 430
146 819
147 643
148 571
149 441
150 598
151 561
152 553
153 658
154 678
155 594
156 471
157 701
158 575
159 853
160 732
161 564
162 941
163 896
164 884
165 797
166 638
167 822
168 894
169 854
170 729
171 600
172 787
173 1131
174 977
175 1003
176 815
177 932
178 590
179 1143
180 1045
181 809
182 1126
183 863
184 939
185 1034
186 1220
187 731
188 1135
189 906
190 1016
191 1290
192 1111
193 1028
194 1280
195 1126
196 1309
197 1230
198 1857
199 1329
200 2136
201 2643
202 2801
203 1683
204 1450
205 831
206 1456
207 1211
208 1243
209 1063
210 1283
211 893
212 907
213 990
214 783
215 892
216 722
217 682
218 700
219 519
220 788
221 499
222 860
223 659
224 1028
225 723
226 590
227 578
228 920
229 714
230 663
231 610
232 610
233 690
234 862
235 613
236 753
237 579
238 780
239 980
240 971
241 1093
242 680
243 656
244 786
245 529
246 807
247 803
248 729
249 744
250 755
251 978
252 715
253 1026
254 875
255 556
256 529
257 612
258 1055
259 808
260 895
261 944
262 648
263 870
264 894
265 1163
266 797
267 733
268 731
269 790
270 984
271 830
272 868
273 656
274 1077
275 955
276 1010
277 1211
278 1049
279 935
280 672
281 1225
282 1404
283 1071
284 1556
285 1578
286 1019
287 1822
288 1832
289 1352
290 1453
291 1551
292 1669
293 2315
294 2018
295 1979
296 1399
297 980
298 1034
299 772
300 896
301 1059
302 824
303 1055
304 1115
305 1198
306 1469
307 774
308 760
309 781
310 597
311 888
312 733
313 722
314 981
315 501
316 575
317 978
318 1065
319 964
320 796
321 1108
322 856
323 1049
324 807
325 1235
326 821
327 646
328 847
329 1054
330 961
331 794
332 921
333 849
334 964
335 1102
336 747
337 1033
338 819
339 735
340 742
341 816
342 966
343 894
344 784
345 956
346 1035
347 909
348 855
349 1356
350 723
351 672
352 872
353 832
354 849
355 826
356 789
357 777
358 1053
359 723
360 1290
361 966
362 1253
363 1091
364 1378
365 1020
